1180 2102 2667 3109 2302 2862
 217 3042   45 2118  279 3370
4635  446 4381  979 4469  888
 469 2732 1066 2963 1712 3213
 616 1069 2562 1625 3347 1849
2267 2778 3023 1875 2947 1966
1010 1584  482 2507  675 2169
4173 1968 4785 1926 3556 2012
4072 3053 4221 1637 4293  949
3915  639 2372  915 914 703
4978  981 5014  954 4294 1493
1610  806 2187  807 2280  807
2982 1073 3209 2796 3588  829
 646 2501  172 3006 2234 1892
1601  268 948 790 938 793
2794 2621  442 2883  234 2839
4519 2945 4592  823 4590  903
2924 2636 2949 2192 3780  104
1738 1876 1716 1893 1270 2052
1035  587 1228  742 1345  923
3907  250 4559 1130 5084 2736
3640 2471 3685 1702 4065  750
4252 1923 2820 1684 1558 1474
4479 1852 5145 1197 4841 1497
1649  950  958 2021  386 2909
941 839 1720 2041 1986 2451
  18 2656  849 2969  297 2762
1276 3250  825 2113 1003 2561
4067 2390 5333 2398 3926 2390
1311 2034 3649 1633 3539 1617
1218  403 1207  416 853 859
 613 1529 1002 2649 1092 2908
3876   35 3553   55 2343  132
4536 2979 4537 2979 4134 3197
105 174  645 1386 534 253
3258  380 3702 2454 3555 1768
3978 2193 5660 3126 4298 1642
 259 1565 1070  710 1613  421
3552 3185 3114 1851 2853 1057
 829 3401 2795 3367 4407 3339
3157 3229 2343 2265 2250 2030
 379 2806  141 2763   76 2728
2766 2189 1862 1681 975 703
1501 1028 2730 2791 2893 3024
4734 2978 3827 2521 3424 2318
2011 1810 1980 1505 2093 2598
1950  439 2607 1752 2726 1991
3068 1574 3283 1262 2478 2431
2464 1603 3705 1372 4347 1253
1579 3449 1773 3301 2638 2639
1967 2214 3797 3209 3711 3162
2232  458 2673  711 2485  501
4539 1218 4475 2583 4491 2228
2343 2805 2441 4651 2826 3250
1939 2974 2380 3400 2206 3066
3297  672 1951 1218 3139 1143
3414 2673 5425 3424 3710 2039
4583 1651 4645 1640 4653 1639
1085 2495  917 2117 1036 2385
2285 2579  518 1380  334 1255
5155  477 3421  803 2609  692
4599  323 3778  553 5046  196
1528 3318 1163 2914 1055 2795
3862  690 4132  745 3378  590
2188 1651 3624 1854 2190 1139
760 867  789 2926  792 3163
 480 1100  413 1094  599 1111
1218 3028 1075 4029 1572 3036
4268  528 4450  982 4516 2068
1574    8 1184  989  367 1959
 302 2264 1661 3519 1312 2885
2804 3391 1642 3278  468 3165
481 261 210 536 159 587
2652 2458 2542 2823 2416 3242
3232 2649 2551 1795 1927 1014
2988 2331 2195  335 2362  757
2454  177 1799  381 1930  340
 611 1641  836 3371  776 2913
 178 1920 1407 1027  687 1255
2986    4 3122  263 3133  334
3290 2401 3694 2056 4358 1787
1206  329 1383  333 2060  576
3350 1391 2514 1629 1028 2053
2243 3189 1895 3279 2252 3186
2776  161 4264  641 4828 1056
3569 3339 3794 3483 3022 2989
3356 2726 2614 1803 2016 1060
4698 1816 4812 1101 4894  585
1876 1751 2042 1235 2417  724
 952 1374 1637 2765 1951 3402
2401 1968 2577 2062 1601 1542
3939 1735 4076 1788 4720 2037
